[header]
width=40
height=20
tilewidth=16
tileheight=16

[tilesets]
tileset=../images/tiles.png,16,16,0,0

[layer]
type=Tiles
data=
9,1,2,2,2,2,2,2,2,2,2,2,2,2,2,2,2,3,9,0,0,0,0,0,0,0,0,0,37,37,37,37,37,37,37,37,37,37,37,37,
5,0,0,0,0,0,0,0,0,0,0,0,0,0,0,0,0,0,17,0,0,0,0,0,0,0,0,0,37,109,37,37,37,109,109,109,37,109,37,37,
13,0,0,0,0,0,0,0,0,0,0,0,0,0,0,0,0,0,0,0,0,0,0,0,0,0,0,0,37,109,37,37,37,109,37,109,37,109,37,37,
13,0,0,0,0,0,0,0,0,0,0,0,0,0,0,0,0,0,0,0,0,0,0,0,0,0,0,0,37,109,37,37,37,109,37,109,37,109,37,37,
13,0,0,0,0,0,0,0,0,0,0,0,0,0,0,0,0,0,0,0,0,0,0,0,0,0,0,0,37,109,37,37,37,109,37,109,37,109,37,37,
13,0,0,0,0,0,0,0,0,0,0,0,0,0,0,0,0,0,0,0,0,0,0,0,0,0,0,0,37,109,109,109,37,109,109,109,37,109,109,109,
13,1,2,2,3,27,0,0,0,0,0,1,2,2,2,2,2,3,0,0,0,0,0,0,0,0,0,0,89,90,91,92,93,94,95,96,37,37,37,37,
13,0,0,0,0,0,0,0,0,0,0,0,0,0,0,0,0,0,0,0,0,0,0,0,0,0,0,0,97,98,99,100,101,102,103,104,92,93,94,95,
13,0,0,0,0,0,0,0,0,0,0,0,0,0,0,0,0,0,0,0,0,0,0,0,0,0,0,0,105,106,107,108,109,110,111,112,100,101,102,103,
13,0,0,0,0,0,0,0,0,0,0,0,0,0,0,0,0,0,0,0,0,0,0,0,0,0,0,0,113,114,115,116,117,118,119,120,108,109,110,111,
13,0,0,0,0,0,0,0,0,0,0,0,0,0,0,0,0,0,0,0,0,0,0,0,0,0,0,0,113,105,106,107,105,113,114,115,116,117,118,119,
21,0,0,0,0,0,0,0,0,0,0,0,0,0,0,0,0,0,0,0,0,0,0,0,0,0,0,0,37,113,114,115,113,114,115,116,117,118,119,120,
9,1,2,2,2,2,2,2,2,2,2,2,2,2,2,2,2,3,9,0,0,0,0,0,0,0,0,0,37,89,90,97,98,99,100,101,102,103,104,37,
0,0,0,0,0,0,0,0,0,0,0,0,0,0,0,0,0,0,0,0,0,0,0,0,0,0,0,0,89,90,91,92,93,89,90,91,92,93,94,95,
0,0,0,0,0,0,0,0,0,0,0,0,0,0,0,0,0,0,0,0,0,0,0,0,0,0,0,0,97,98,99,100,101,89,89,90,91,92,93,94,
0,0,0,0,0,0,0,0,0,0,0,0,0,0,0,0,0,0,0,0,0,0,0,0,0,0,0,0,105,106,89,89,90,91,97,98,99,100,101,102,
0,0,0,0,0,0,0,0,0,0,0,0,0,0,0,0,0,0,0,0,0,0,0,0,0,0,0,0,89,90,91,97,98,99,105,106,107,108,109,110,
0,0,0,0,0,0,0,0,0,0,0,0,0,0,0,0,0,0,0,0,0,0,0,0,0,0,0,0,97,98,99,105,106,107,113,114,89,90,91,92,
0,0,0,0,0,0,0,0,0,0,0,0,0,0,0,0,0,0,0,0,0,0,0,0,0,0,0,0,105,106,107,113,114,115,116,117,97,98,99,100,
0,0,0,0,0,0,0,0,0,0,0,0,0,0,0,0,0,0,0,0,0,0,0,0,0,0,0,0,113,114,115,116,117,118,119,120,105,106,107,108

[]
type=Start
location=2,5,0,0

[]
type=End
location=15,11,0,0

[]
type=Laser
location=10,7,0,0
ID=0
reverted=0
vertical=0

[]
type=Laser
location=7,7,0,0
ID=0
reverted=0
vertical=0

[]
type=Laser
location=7,7,0,0
ID=0
reverted=0
vertical=0

[]
type=Laser
location=6,7,0,0
ID=0
reverted=0
vertical=0

[]
type=Laser
location=9,7,0,0
ID=0
reverted=0
vertical=0

[]
type=Laser
location=8,7,0,0
ID=0
reverted=0
vertical=0

[]
type=Laser
location=18,3,0,0
ID=1
reverted=1
vertical=0

[]
type=Sign
location=11,6,0,0
text=You're not going to die young, use that

[]
type=Laser
location=18,4,0,0
ID=1
reverted=1
vertical=0

[]
type=Laser
location=18,6,0,0
ID=1
reverted=1
vertical=0

[]
type=Laser
location=18,7,0,0
ID=1
reverted=1
vertical=0

[]
type=Laser
location=18,5,0,0
ID=1
reverted=1
vertical=0

[]
type=Laser
location=18,12,0,0
ID=1
reverted=1
vertical=0

[]
type=Laser
location=18,10,0,0
ID=1
reverted=1
vertical=0

[]
type=Laser
location=18,8,0,0
ID=1
reverted=1
vertical=0

[]
type=Laser
location=18,9,0,0
ID=1
reverted=1
vertical=0

[]
type=Laser
location=18,11,0,0
ID=1
reverted=1
vertical=0

[]
type=Coin
location=16,4,0,0

[]
type=Coin
location=9,10,0,0

